1 "     1.0            IONOSPHERE MAPS     MIX                 IONEX VERSION / TYPE" NOTHEADER
2 "IonoRT              XUST_CGG            2026-08-02 23:59UTC PGM / RUN BY / DATE " NOTHEADER
3 "Realtime spherical harmonic GIM                          DESCRIPTION" NOTHEADER
4 "  2026     8     2     0     5     0                        EPOCH OF FIRST MAP  " NOTHEADER
5 "  2026     8     2    23    55     0                        EPOCH OF LAST MAP  " NOTHEADER
6 "   300                                                      INTERVAL            " NOTHEADER
7 "   287                                                      # OF MAPS IN FILE" NOTHEADER
8 "  COSZ                                                      MAPPING FUNCTION" NOTHEADER
9 "    10.0                                                    ELEVATION CUTOFF" NOTHEADER
10 "   269                                                      # OF STATIONS       " NOTHEADER
11 "  6371.0                                                    BASE RADIUS         " NOTHEADER
12 "     2                                                      MAP DIMENSION       " NOTHEADER
13 "   450.0 450.0   0.0                                        HGT1 / HGT2 / DHGT  " HEADER {"lat":450,"lon1":450,"lon2":0,"dlon":null}
14 "    87.5 -87.5  -2.5                                        LAT1 / LAT2 / DLAT  " HEADER {"lat":87.5,"lon1":-87.5,"lon2":-2.5,"dlon":null}
15 "  -180.0 180.0   5.0                                        LON1 / LON2 / DLON  " HEADER {"lat":-180,"lon1":180,"lon2":5,"dlon":null}
16 "    -1                                                      EXPONENT" NOTHEADER
17 "TEC/RMS values in 0.1 TECU; 9999, if no value available     COMMENT" NOTHEADER
18 "                                                            END OF HEADER       " NOTHEADER
19 "     2                                                      START OF TEC MAP" NOTHEADER
20 "  2026     8     2     0     5     0                        EPOCH OF CURRENT MAP" NOTHEADER
21 "  87.5-180.0 180.0   5.0 450.0                              LAT/LON1/LON2/DLON/H" HEADER {"lat":87.5,"lon1":-180,"lon2":180,"dlon":5}
22 "  202  202  202  203  203  203  203  204  204  204  204  204  204  204  204  203" NOTHEADER
23 "  203  203  203  202  202  202  201  201  200  200  200  199  199  199  198  198" NOTHEADER
24 "  198  198  197  197  197  197  197  197  197  197  197  197  197  197  197  197" NOTHEADER
25 "  197  197  197  197  197  197  197  197  197  198  198  198  198  199  199  199" NOTHEADER
26 "  199  200  200  200  200  201  201  201  202" NOTHEADER
27 "  85.0-180.0 180.0   5.0 450.0                              LAT/LON1/LON2/DLON/H" HEADER {"lat":85,"lon1":-180,"lon2":180,"dlon":5}
28 "  204  205  206  207  207  208  209  209  210  210  211  211  211  211  211  210" NOTHEADER
29 "  209  209  208  207  206  205  204  203  202  201  200  199  198  198  198  197" NOTHEADER
30 "  197  197  197  197  197  197  197  197  197  197  197  197  197  197  197  197" NOTHEADER
31 "  197  197  197  197  197  197  197  198  198  198  198  199  199  199  199  200" NOTHEADER
32 "  200  201  201  202  202  203  203  204  204" NOTHEADER
33 "  82.5-180.0 180.0   5.0 450.0                              LAT/LON1/LON2/DLON/H" HEADER {"lat":82.5,"lon1":-180,"lon2":180,"dlon":5}
34 "  206  207  208  209  211  212  214  215  216  218  218  219  219  219  219  218" NOTHEADER
35 "  217  216  214  212  210  208  206  204  202  200  199  198  197  197  196  197" NOTHEADER
36 "  197  197  197  198  198  198  199  199  199  199  199  199  199  199  199  199" NOTHEADER
37 "  199  199  199  200  200  200  200  200  200  200  200  200  201  201  201  201" NOTHEADER
38 "  202  202  202  203  203  204  204  205  206" NOTHEADER
39 "  80.0-180.0 180.0   5.0 450.0                              LAT/LON1/LON2/DLON/H" HEADER {"lat":80,"lon1":-180,"lon2":180,"dlon":5}
40 "  206  207  208  210  212  215  217  220  222  224  226  227  228  228  228  227" NOTHEADER
41 "  225  223  220  217  213  210  207  203  201  198  196  195  195  195  195  196" NOTHEADER
42 "  197  198  199  199  200  201  201  201  201  201  201  201  202  202  202  203" NOTHEADER
43 "  203  204  204  204  204  204  204  204  204  203  203  203  203  203  203  203" NOTHEADER
44 "  204  204  204  204  204  204  204  205  206" NOTHEADER
45 "  77.5-180.0 180.0   5.0 450.0                              LAT/LON1/LON2/DLON/H" HEADER {"lat":77.5,"lon1":-180,"lon2":180,"dlon":5}
46 "  204  205  206  209  212  216  219  223  227  230  233  235  236  236  236  234" NOTHEADER
47 "  232  229  225  221  216  212  207  202  198  195  193  192  191  192  193  194" NOTHEADER
48 "  196  198  199  201  202  202  202  202  202  202  202  202  203  204  205  206" NOTHEADER
49 "  208  209  210  210  210  210  210  209  208  207  206  205  205  205  205  205" NOTHEADER
50 "  205  205  205  204  204  203  203  203  204" NOTHEADER
51 "  75.0-180.0 180.0   5.0 450.0                              LAT/LON1/LON2/DLON/H" HEADER {"lat":75,"lon1":-180,"lon2":180,"dlon":5}
52 "  200  201  203  206  210  215  220  225  230  234  238  240  242  242  241  240" NOTHEADER
53 "  237  234  229  224  218  212  206  201  196  192  189  187  187  188  190  192" NOTHEADER
54 "  195  197  199  200  201  201  201  200  200  199  200  200  202  204  206  209" NOTHEADER
55 "  211  214  216  217  217  217  216  214  212  209  207  206  205  204  204  204" NOTHEADER
56 "  204  204  204  204  203  202  201  200  200" NOTHEADER
57 "  72.5-180.0 180.0   5.0 450.0                              LAT/LON1/LON2/DLON/H" HEADER {"lat":72.5,"lon1":-180,"lon2":180,"dlon":5}
58 "  196  197  200  204  209  215  221  227  233  237  241  243  244  245  244  242" NOTHEADER
59 "  239  236  231  226  219  212  205  199  193  188  185  184  184  185  187  190" NOTHEADER
60 "  192  195  196  197  197  196  194  193  192  192  192  194  196  199  204  208" NOTHEADER
61 "  213  217  221  223  224  223  221  218  214  210  206  203  201  200  200  200" NOTHEADER
62 "  201  202  202  202  201  199  198  197  196" NOTHEADER
63 "  70.0-180.0 180.0   5.0 450.0                              LAT/LON1/LON2/DLON/H" HEADER {"lat":70,"lon1":-180,"lon2":180,"dlon":5}
64 "  193  194  197  202  208  215  222  229  235  239  242  244  244  244  243  241" NOTHEADER
65 "  239  235  231  226  219  212  205  198  192  187  184  182  182  183  185  187" NOTHEADER
66 "  189  190  190  190  188  186  184  182  180  180  181  183  187  191  197  204" NOTHEADER
67 "  211  217  222  226  227  226  223  219  213  208  202  198  195  193  192  193" NOTHEADER
68 "  194  196  197  198  197  196  195  194  193" NOTHEADER
69 "  67.5-180.0 180.0   5.0 450.0                              LAT/LON1/LON2/DLON/H" HEADER {"lat":67.5,"lon1":-180,"lon2":180,"dlon":5}
70 "  193  194  197  203  210  217  225  232  237  240  242  242  242  241  239  238" NOTHEADER
71 "  236  233  230  225  219  212  205  198  192  188  185  183  183  183  184  184" NOTHEADER
72 "  185  184  182  179  176  173  169  167  166  166  168  170  174  180  187  195" NOTHEADER
73 "  203  212  219  224  226  225  222  216  210  202  195  190  185  182  181  182" NOTHEADER
74 "  184  187  190  192  194  194  193  193  193" NOTHEADER
75 "  65.0-180.0 180.0   5.0 450.0                              LAT/LON1/LON2/DLON/H" HEADER {"lat":65,"lon1":-180,"lon2":180,"dlon":5}
76 "  195  197  201  207  215  222  229  235  239  241  241  240  238  237  235  233" NOTHEADER
77 "  232  230  227  224  219  212  206  200  195  191  189  187  186  185  184  182" NOTHEADER
78 "  180  176  172  167  162  158  154  152  152  153  155  157  161  167  173  181" NOTHEADER
79 "  191  200  209  216  220  220  216  210  203  195  187  180  174  170  168  168" NOTHEADER
80 "  171  175  180  185  189  192  193  194  195" NOTHEADER
81 "  62.5-180.0 180.0   5.0 450.0                              LAT/LON1/LON2/DLON/H" HEADER {"lat":62.5,"lon1":-180,"lon2":180,"dlon":5}
82 "  202  205  210  216  223  230  235  239  241  241  240  238  235  233  231  230" NOTHEADER
83 "  229  227  226  223  218  213  208  204  200  198  196  195  192  189  186  181" NOTHEADER
84 "  175  169  162  155  149  144  141  140  141  143  145  147  150  153  158  165" NOTHEADER
85 "  174  184  194  202  208  209  207  201  194  186  179  171  164  159  155  154" NOTHEADER
86 "  156  162  169  178  186  193  197  199  202" NOTHEADER
87 "  60.0-180.0 180.0   5.0 450.0                              LAT/LON1/LON2/DLON/H" HEADER {"lat":60,"lon1":-180,"lon2":180,"dlon":5}
88 "  213  218  223  229  235  240  243  244  243  241  239  236  233  231  229  228" NOTHEADER
89 "  227  226  225  222  219  215  211  208  207  206  206  204  201  195  188  180" NOTHEADER
90 "  171  162  154  145  138  133  131  132  135  138  140  141  141  141  142  146" NOTHEADER
91 "  154  164  175  185  192  195  194  191  185  179  173  166  158  151  144  141" NOTHEADER
92 "  143  149  160  173  186  196  204  209  213" NOTHEADER
93 "  57.5-180.0 180.0   5.0 450.0                              LAT/LON1/LON2/DLON/H" HEADER {"lat":57.5,"lon1":-180,"lon2":180,"dlon":5}
94 "  229  235  240  246  251  253  252  250  246  242  239  236  234  232  230  228" NOTHEADER
95 "  227  226  225  223  220  217  214  213  214  215  216  214  209  201  191  179" NOTHEADER
96 "  168  158  148  139  132  128  127  130  135  139  141  141  137  132  129  129" NOTHEADER
97 "  134  143  155  166  175  181  182  181  178  174  170  165  157  148  139  133" NOTHEADER
98 "  133  140  154  171  189  204  216  223  229" NOTHEADER
99 "  55.0-180.0 180.0   5.0 450.0                              LAT/LON1/LON2/DLON/H" HEADER {"lat":55,"lon1":-180,"lon2":180,"dlon":5}
100 "  248  254  260  265  268  268  263  256  249  244  240  238  237  235  233  231" NOTHEADER
101 "  229  228  227  226  223  221  219  219  221  224  225  223  217  206  193  179" NOTHEADER
102 "  167  156  146  138  131  128  128  133  139  145  147  144  136  127  119  116" NOTHEADER
103 "  117  125  137  150  161  169  172  173  173  173  173  169  162  151  139  131" NOTHEADER
104 "  129  137  154  176  198  218  232  241  248" NOTHEADER
105 "  52.5-180.0 180.0   5.0 450.0                              LAT/LON1/LON2/DLON/H" HEADER {"lat":52.5,"lon1":-180,"lon2":180,"dlon":5}
106 "  269  275  281  285  287  284  275  265  255  247  244  243  242  240  238  234" NOTHEADER
107 "  232  231  230  230  228  226  224  225  227  231  233  230  222  209  194  179" NOTHEADER
108 "  167  157  148  140  134  132  133  139  146  152  154  149  139  126  115  107" NOTHEADER
109 "  107  113  125  139  152  161  167  170  173  177  180  179  173  161  147  135" NOTHEADER
110 "  133  142  162  187  214  236  252  262  269" NOTHEADER
111 "  50.0-180.0 180.0   5.0 450.0                              LAT/LON1/LON2/DLON/H" HEADER {"lat":50,"lon1":-180,"lon2":180,"dlon":5}
112 "  289  294  299  304  305  300  289  275  263  254  250  250  249  247  243  238" NOTHEADER
113 "  235  234  235  235  235  233  231  231  234  237  238  235  225  211  195  180" NOTHEADER
114 "  169  161  154  147  141  138  140  145  153  159  160  154  143  128  115  106" NOTHEADER
115 "  104  109  120  135  149  160  167  172  177  183  190  192  188  175  160  147" NOTHEADER
116 "  144  155  177  206  235  259  274  283  289" NOTHEADER
117 "  47.5-180.0 180.0   5.0 450.0                              LAT/LON1/LON2/DLON/H" HEADER {"lat":47.5,"lon1":-180,"lon2":180,"dlon":5}
118 "  306  310  315  320  321  316  304  289  274  265  260  259  258  254  248  242" NOTHEADER
119 "  238  238  240  243  244  243  240  239  240  242  242  237  226  212  196  183" NOTHEADER
120 "  174  168  163  156  150  146  146  151  159  164  165  159  147  133  121  111" NOTHEADER
